1676540235
1676546534
1676551804
1676554742
1676557707
1676561376
1676565610
1676568417
1676572313
1676575389
1676579303
1676582736
1676586545
1676604652
1676608254
1676611534
1676615474
1676618579
1676622667
1676625910
1676629766
1676632911
1676638145
1676640740
1676644099
1676647751
1676651933
1676654881
1676658760
1676661785
1676665706
1676669103
1676672967
1676690771
1676695408
1676697854
1676701757
1676704908
1676708952
1676712202
1676713100
1676716026
1676716715
1676719289
1676720301
1676724959
1676727498
1676731094
1676734714
1676738744
1676777351
1676781017
1676784284
1676788177
1676791312
1676795372
1676798615
1676799509
1676802451
1676803138
1676805633
